newpoint	0	1	1	0	12907.0	12788.0	298.0	12979	12793
newpoint	1	1	0	0	12741.0	26322.0	298.0	12676	26317
newpoint	2	1	2	0	14196.0	21240.0	198.00000000000003	14147	21215
newpoint	3	1	0	0	11306.0	17613.0	448.0	11047	17737
newpoint	4	1	1	0	16139.0	14887.0	298.0	16275	14872
point	4	2	1	1	16339.701912536948	14777.54949446183	298.0	16305	14696
point	3	2	0	1	10980.258116111894	17883.34592848314	448.0	10974	17897
point	2	2	2	1	14060.81100541936	21375.48985197774	252.25	14060	21377
point	1	2	0	1	12532.854111926596	26223.29075800986	298.0	12496	26151
point	0	2	1	1	13059.748638089262	12582.103556990396	298.0	13149	12349
newpoint	5	1	2	1	13457.0	15223.0	252.24999999999997	13079	15165
newpoint	6	1	0	1	8059.0	18379.0	298.0	8102	18293
newpoint	7	1	2	1	11570.0	18739.0	252.25000000000003	11558	18719
newpoint	8	1	2	1	4506.0	18042.0	252.25	4744	18000
newpoint	9	1	0	1	16166.0	10950.0	132.0	16276	11018
point	9	2	0	2	16279.650239099416	11013.178561189543	298.0	16463	10771
point	8	2	2	2	4744.0	17989.42747102285	252.25	4744	17794
point	7	2	2	2	11373.56797244396	18586.587539978973	252.25	11357	18569
point	6	2	0	2	7929.177013989061	18188.71797083515	298.0	7740	18076
point	5	2	2	2	13207.668007913458	15184.742710208944	252.24999999999997	13079	15165
point	4	3	1	2	16189.131597757432	14522.145034673431	298.00000000000006	16143	14464
point	3	3	0	2	10539.591457671635	17944.232535531894	298.0	10052	17895
point	2	3	2	2	14285.638239538222	21485.11760979428	252.25000000000003	14396	21545
point	1	3	0	2	12420.037409546214	25947.882638569223	298.0	12404	25905
point	0	3	1	2	13196.311339165683	12359.176718981274	298.0	13428	12408
newpoint	10	1	0	2	16389.0	10404.0	298.0	16463	10771
newpoint	11	1	1	2	7183.0	13654.0	298.0	7057	13452
newpoint	12	1	0	2	3892.0	17932.0	672.0	4116	17954
newpoint	13	1	0	2	11547.0	16163.0	198.0	11619	16152
newpoint	14	1	0	2	14055.0	27113.0	298.0	14075	27155
point	14	2	0	3	14187.735750369951	27379.79643636643	298.0	14242	27488
point	13	2	0	3	11757.310965608307	16268.310965608307	672.0	11784	16295
point	12	2	0	3	4545.669418485207	17834.0705172549	672.0	4564	17828
point	11	2	1	3	7025.240141186456	13401.184225898329	298.0	6947	13276
point	10	2	0	3	16447.90174932812	10696.120837884064	298.0	16463	10771
point	9	3	0	3	16459.525742640784	10775.588992340785	298.0	16463	10771
point	8	3	2	3	4687.45947042595	17799.654052957405	252.25	4634	17805
point	7	3	2	3	11203.339996364317	18488.848726614488	252.25	11065	18611
point	6	3	0	3	7700.972306101924	18008.710872589523	298.0	7682	17976
point	5	3	2	3	12962.089269414108	15129.893441264867	252.24999999999997	12844	15085
point	4	4	1	3	16162.97275401889	14189.632480487484	504.5	16212	14068
point	3	4	0	3	10243.099012626386	17914.295434284606	298.0	10052	17895
point	2	4	2	3	14504.718356865576	21609.988934386667	252.25	14604	21671
point	1	4	0	3	12207.742068371248	25856.093216210105	298.0	11957	25858
point	0	4	1	3	13390.010591114184	12504.434653325536	504.5	13220	12936
newpoint	15	1	1	3	8088.0	7799.0	298.0	8027	7885
newpoint	16	1	4	3	13355.0	19412.0	63.0625	13408	19359
newpoint	17	1	0	3	11861.0	14913.0	298.0	11809	14746
newpoint	18	1	1	3	9208.0	19289.0	298.0	9193	19307
newpoint	19	1	5	3	10517.0	17106.0	31.53125	10504	17322
point	19	2	5	4	10515.105713574112	17137.47429753782	31.53125	10504	17322
point	18	2	1	4	9195.363699337346	19581.55836415599	298.0	9196	19712
point	17	2	0	4	11689.785832652105	14715.7988305586	298.0	11504	14673
point	16	2	4	4	13399.591921388577	19367.408078611425	63.0625	13408	19359
point	15	2	1	4	8111.668025656358	8012.344516143043	298.0	8393	8231
point	14	3	0	4	14320.645059892484	27646.489180637833	298.0	14426	27859
point	13	3	0	4	11735.302805975332	16764.27739539485	448.0	11717	16768
point	12	3	0	4	5211.306826318588	17811.897614368674	672.0	5368	17826
point	11	3	1	4	6889.61621090757	13309.82268039448	132.0	6097	13777
point	10	3	0	4	16329.231878211745	10947.688374768444	298.0	16276	11018
point	9	4	0	4	16560.57621748618	10685.933553986406	132.0	16697	10567
point	8	4	2	4	4619.504371384956	17716.175016474426	252.25	4632	17691
point	7	4	2	4	11020.557730889564	18559.930374969586	252.25	10951	18480
disappearpoint	6	3	0	4	7605.0	17989.0	0.0	7605	17989
point	5	4	2	4	12729.340890720108	15032.962404249896	252.25000000000003	12714	15026
point	4	5	1	4	16566.91648910994	13952.108901515123	504.5	16800	13876
point	3	5	0	4	9946.658838443098	17883.852787136835	298.0	9863	17875
point	2	5	2	4	14611.706231670196	21806.50124020094	252.25	14616	21882
point	1	5	0	4	11958.069048631904	25810.761413577795	298.0	11973	25151
point	0	5	1	4	13180.49692221552	12926.391143241613	504.49999999999994	13072	12900
newpoint	20	1	1	4	15736.0	15716.0	298.0	15721	15605
newpoint	21	1	0	4	20356.0	7566.0	132.0	19991	7675
newpoint	22	1	0	4	10840.0	28446.0	298.0	10925	28506
newpoint	23	1	2	4	9231.0	15689.0	252.25	9407	15695
newpoint	24	1	1	4	11686.0	12185.0	298.0	11757	12158
point	24	2	1	5	11599.349663146993	11863.769680450014	448.0	11430	11550
point	23	2	2	5	9483.122068947594	15696.53300202787	252.25	9567	15699
point	22	2	0	5	10934.745589063792	28310.355684393122	672.0	10746	28041
point	21	2	0	5	20229.519343710945	7603.770935713718	132.0	19991	7675
point	20	2	1	5	15699.098580287595	15422.0	298.0	15690	15422
point	18	3	1	5	8912.693101422112	19726.16097322675	504.5	8843	19730
point	17	3	0	5	11399.37113981029	14648.990962033762	298.0	11090	14578
point	16	3	4	5	13428.866933004132	19312.27621522988	63.0625	13454	19256
point	15	3	1	5	8346.959121445947	8195.216329832672	298.0	8393	8231
point	14	4	0	5	14452.764646852474	27913.599879579047	298.0	14501	28012
point	13	4	0	5	11334.769637849784	16864.610186119295	447.99999999999994	11303	16861
point	12	4	0	5	5879.882760352269	17803.188545180277	672.0	5964	17826
point	11	4	1	5	6775.899404145319	13376.848704144935	132.0	6097	13777
point	10	4	0	5	16196.948912572934	10969.132055045087	132.0	16166	10950
point	9	5	0	5	16660.074217834008	10599.191707529326	132.0	16697	10567
point	8	5	2	5	4736.70258498431	17492.812964136843	252.25	4828	17320
point	7	5	2	5	10854.986127385437	18369.625078062745	252.25000000000003	10717	18211
point	19	3	5	5	10513.211427148226	17168.94859507564	31.53125	10504	17322
point	5	5	2	5	12705.296255955365	14877.10393990359	252.25	12683	14864
point	4	6	1	5	17035.93331537819	13768.414408187546	504.50000000000006	17300	13648
point	3	6	0	5	9649.911988093083	17856.6802161709	298.0	9642	17856
point	2	6	2	5	14630.00663635614	22058.07299991754	252.25	14638	22146
point	1	6	0	5	11964.811310996913	25512.837695323942	298.0	11973	25151
point	0	6	1	5	12701.244536466305	12770.141487391751	504.50000000000006	12284	12624
newpoint	25	1	1	5	10496.0	26326.0	504.5	10465	26088
newpoint	26	1	0	5	11883.0	28080.0	298.0	11880	28036
newpoint	27	1	1	5	13393.0	25779.0	298.0	13348	25689
newpoint	28	1	0	5	12078.0	27074.0	298.0	11892	27102
newpoint	29	1	0	5	6722.0	19330.0	298.0	6856	19299
point	29	2	0	6	7002.878550505181	19234.42589768968	298.0	7103	19169
point	28	2	0	6	11783.286246508971	27118.132901023964	298.0	11299	27190
point	27	2	1	6	13260.26684815609	25512.193469556252	298.0	13222	25435
point	26	2	0	6	11696.25659572561	27916.489382205553	298.0	11694	27916
point	25	2	1	6	10571.642258426467	25845.997659327066	504.50000000000006	10623	25720
point	24	3	1	6	11386.817218104672	11469.392140462056	448.0	11370	11438
point	23	3	2	6	9735.232673254173	15704.646991621901	252.25	9788	15706
point	22	3	0	6	10674.232235110629	27708.857880885033	672.0	10666	27643
point	21	3	0	6	20103.03868742189	7641.541871427436	132.0	19991	7675
point	20	3	1	6	15504.798476486058	15204.466215671102	298.0	15494	15194
point	18	4	1	6	8720.521176354894	19312.909951911264	504.5	8584	18848
point	17	4	0	6	11108.920015190604	14582.341549379487	298.0	11090	14578
point	16	4	4	6	13453.753309710375	19254.592414229784	63.0625	13437	19159
point	15	4	1	6	8460.647691088225	8390.930966349051	298.0	8642	8525
point	14	5	0	6	14584.267430664573	28181.015167774473	298.0	14736	28489
point	13	5	0	6	11109.452879265875	17228.790016850708	448.00000000000006	10979	17478
point	12	5	0	6	6531.588197208473	17928.059458361884	672.0	6598	17936
point	11	5	1	6	6662.182597383067	13443.874727895392	132.0	6097	13777
point	10	5	0	6	16117.645647372025	10867.513163164042	132.0	16098	10834
point	9	6	0	6	16764.477807158568	10518.649760224962	132.0	16824	10476
point	8	6	2	6	4853.298660555127	17269.15626990829	252.25000000000003	4947	17076
disappearpoint	7	5	2	6	10717.0	18211.0	0.0	10717	18211
point	19	4	5	6	10511.317140722338	17200.42289261346	31.53125	10504	17322
point	5	6	2	6	12539.63185398262	14715.61667708258	252.25	12576	14630
point	4	7	1	6	17503.78234501188	13581.770737871138	504.5	18100	13388
point	3	7	0	6	9330.10302130309	17723.727064796756	672.0	9311	17716
point	2	7	2	6	14652.433275215082	22309.32390374962	252.25	14657	22361
point	1	7	0	6	11971.553573361922	25214.91397707009	298.0	11973	25151
point	0	7	1	6	12230.772861004565	12656.571831325564	504.5	12016	12788
newpoint	30	1	0	6	10160.0	21552.0	298.0	10391	21541
newpoint	31	1	0	6	11735.0	28084.0	198.0	11863	28138
newpoint	32	1	0	6	9095.0	20008.0	298.0	9100	19997
newpoint	33	1	0	6	10277.0	12973.0	672.0	10318	13043
newpoint	34	1	0	6	6614.0	18133.0	298.0	6652	18163
point	34	2	0	7	6832.017042829445	18153.889112913792	448.0	7149	18431
point	33	2	0	7	10909.161617673159	13178.851329735078	1009.0	11396	13028
point	32	2	0	7	9071.239381728303	19717.42749168446	672.0	8843	19730
point	31	2	0	7	11829.517715120817	28220.36642080279	298.0	11813	28261
point	30	2	0	7	10385.985987023201	21474.45037321704	298.0	10380	21395
point	28	3	0	7	11488.514299205935	27161.876461500637	298.0	11299	27190
point	27	3	1	7	13128.10941193459	25245.100991055675	298.00000000000006	13089	25166
point	26	3	0	7	11425.693571748237	27991.914988469318	298.0	11404	28005
point	25	3	1	7	10767.264397536233	25381.01396960917	504.5	10835	25225
point	24	4	1	7	11172.80937955019	11075.813942780676	448.0	11052	10854
point	23	4	2	7	9952.924495461195	15734.36484116293	252.25	10028	15851
point	22	4	0	7	10590.025472876241	27042.166773369237	672.0	10544	26692
point	21	4	0	7	19976.469345471738	7679.003854290221	132.0	18249	8155
point	20	4	1	7	15867.756873562614	14898.843432123067	504.5	15937	14751
point	18	5	1	7	8583.045575114957	18828.06312462353	504.5	8548	18096
point	17	5	0	7	11004.679841008145	13955.598807561088	672.0	11003	13943
point	16	5	4	7	13442.867041875279	19192.476650700126	63.0625	13437	19159
point	15	5	1	7	8700.370656067542	8567.952243590533	298.0	8894	8710
point	14	6	0	7	14715.965602888657	28448.334436501656	298.0	14736	28489
point	13	6	0	7	10898.444667673599	17623.956691244868	448.0	10777	17844
point	12	6	0	7	6895.002223793152	18208.951629605333	448.0	7149	18431
point	11	6	1	7	6548.465790620816	13510.900751645848	132.0	6097	13777
disappearpoint	10	5	0	7	16098.0	10834.0	0.0	16098	10834
point	9	7	0	7	16876.259000586757	10449.10198499211	132.0	16892	10441
point	8	7	2	7	4965.88712199	17043.527404297893	252.25	5004	16978
point	29	3	0	7	7234.7776911967685	19050.862122705454	298.0	7299	19011
point	19	5	5	7	10509.42285429645	17231.897190151278	31.53125	10504	17322
point	5	7	2	7	12611.803621448393	14474.848355342941	252.25	12612	14474
point	4	8	1	7	17983.579032686644	13425.83681437684	504.5	18100	13388
point	3	8	0	7	8822.364183942758	17447.65714092638	448.0	8752	17627
point	2	8	2	7	14675.41762487865	22560.524269518708	252.25000000000003	14711	22946
point	1	8	0	7	11621.208478873708	25143.20970238254	448.0	11426	25135
point	0	8	1	7	11780.335421910926	12879.224997969965	504.49999999999994	11396	13028
newpoint	35	1	1	7	13598.0	19932.0	298.0	13634	19792
newpoint	36	1	1	7	10104.0	13073.0	298.0	10277	12973
newpoint	37	1	0	7	13437.0	19159.0	672.0	13454	19256
newpoint	38	1	0	7	10914.0	6778.0	298.0	11313	6366
newpoint	39	1	0	7	12408.0	11200.0	298.0	12462	11208
point	39	2	0	8	12558.081960676465	11348.126909459435	298.0	12565	11496
point	38	2	0	8	11121.313467203774	6563.931958676804	298.0	11313	6366
point	37	2	0	8	13060.60007648157	19654.3956323994	672.0	12926	19852
point	36	2	1	8	10375.185089572766	13106.004811077959	504.5	10544	13292
point	35	2	1	8	13731.290769948553	19678.317583524236	298.0	13465	19572
point	33	3	0	8	11861.65536291765	12847.746311128652	1008.9999999999999	12016	12788
point	32	3	0	8	8655.413314268786	19091.19128642884	1009.0	8584	18848
point	31	3	0	8	12052.512378297079	28345.319095566865	298.0	12080	28356
point	30	3	0	8	10370.701393273317	21146.077577069012	447.99999999999994	10370	20956
point	28	4	0	8	11306.031371080157	27088.124035423953	298.0	11289	27061
point	27	4	1	8	12773.684526532754	25161.95903295979	448.0	12260	25158
point	26	4	0	8	11183.48584046883	27860.291629999003	297.99999999999994	10923	27825
point	25	4	1	8	11035.01042712421	25138.0	448.0	11051	25138
point	24	5	1	8	11157.617499161928	10778.22238907713	298.0	11321	10661
point	23	5	2	8	10072.760866534709	15955.334972385384	252.25	10090	16000
point	22	5	0	8	10502.542364467019	26375.885529061015	672.0	10496	26326
point	21	5	0	8	19849.21199310185	7714.069026010971	132.0	18249	8155
point	20	5	1	8	16064.229748343125	14434.360551115982	504.5	16070	14420
point	18	6	1	8	8558.921606735186	18324.140229579447	504.5	8548	18096
point	17	6	0	8	10681.132455888674	13409.04298782855	672.0	10544	13292
point	16	6	4	8	13429.559766323679	19130.89245055612	63.06250000000001	13410	19057
point	15	6	1	8	8920.666239815351	8761.342461734035	298.0	8961	8839
point	14	7	0	8	14847.8345961477	28715.569453415064	298.0	14925	28872
point	13	7	0	8	10569.632746947045	17889.68333043389	672.0	10254	17860
point	12	7	0	8	7210.3278596333475	18522.30599607595	448.0	7212	18525
point	11	7	1	8	6434.748983858564	13577.926775396305	132.0	6097	13777
point	34	3	0	8	7166.2086253627995	18451.225007528956	448.0	7212	18525
point	9	8	0	8	16988.383744119783	10379.56860264893	132.0	17074	10325
point	8	8	2	8	5083.0583401445965	16820.25800378732	252.25	5215	16557
point	29	4	0	8	7484.197903753299	19005.157313934305	448.0	7631	19221
point	19	6	5	8	10507.528567870564	17263.3714876891	31.53125	10504	17322
point	5	8	2	8	12665.708513811083	14228.425733875076	252.24999999999997	12692	14109
point	4	9	1	8	18416.59130128065	13174.086958594156	504.5	18840	12888
point	3	9	0	8	8524.41250491288	17792.26805610143	672.0	8450	17784
point	2	9	2	8	14698.603669012398	22811.706414300992	252.25000000000003	14711	22946
point	1	9	0	8	11194.042060030442	25135.37576091715	298.0	11126	25136
point	0	9	1	8	11307.764641614312	13055.340533584298	504.5	10544	13292
newpoint	40	1	0	8	14004.0	25954.0	298.0	13590	26176
newpoint	41	1	0	8	9420.0	14236.0	448.0	9563	14339
newpoint	42	1	2	8	18195.0	26322.0	252.25000000000003	17673	26569
newpoint	43	1	1	8	8600.0	12323.0	298.0	8872	12166
newpoint	44	1	1	8	5773.0	19562.0	298.0	5805	19562
point	44	2	1	9	6028.855302611922	19591.75583834784	298.0	6136	19581
point	43	2	1	9	8858.091705052144	12174.027949657402	298.0	8872	12166
point	42	2	2	9	17966.98767835195	26429.89088782963	252.25000000000003	17673	26569
point	41	2	0	9	9722.823702565063	14558.764936753418	448.00000000000006	9786	14643
point	40	2	0	9	13741.375573185693	26094.827591190282	298.0	13590	26176
point	39	3	0	9	12785.626988411055	11456.756474294156	448.00000000000006	12800	11456
point	38	3	0	9	11328.556155520759	6349.795671332543	298.0	11433	6241
point	37	3	0	9	12687.390807068037	20213.065552708795	672.0	12662	20249
point	36	3	1	9	10785.967634090975	13217.024113380261	504.5	11396	13028
point	35	3	1	9	13454.588320222429	19567.686589806435	298.0	13395	19543
point	33	4	0	9	12616.698257544334	12740.528831322636	672.0	13072	12900
point	32	4	0	9	8548.336268783474	18093.34218326908	1008.9999999999999	8652	17274
point	31	4	0	9	11930.770508437014	28579.2224477963	298.0	11840	28715
point	30	4	0	9	10197.740266035213	20773.58342603776	1009.0	9944	20776
point	28	5	0	9	11125.926070800393	26850.885514300506	298.0	11029	26726
point	27	5	1	9	12325.69783150393	25158.506341668624	448.0	12260	25158
point	26	5	0	9	10888.08614818804	27828.92969760654	298.0	10692	27851
point	25	5	1	9	11390.31097607405	25134.29328665493	448.0	11426	25135
point	24	6	1	9	11377.036179575338	10740.073275622977	298.0	11411	10788
point	23	6	2	9	10161.760351763502	16191.360938036003	252.25	10183	16248
point	22	6	0	9	10615.875392469392	25737.47903714176	672.0	10623	25720
point	21	6	0	9	19721.95464073196	7749.1341977317215	132.0	18249	8155
point	20	6	1	9	16103.750597840144	14084.237410323978	504.5	15972	14104
point	18	7	1	9	8582.655894549882	17822.08514115382	504.49999999999994	8652	17274
point	17	7	0	9	10304.358371862714	12954.624974122058	298.0	10411	12883
point	16	7	4	9	13413.422541738733	19069.929602124103	63.06250000000001	13410	19057
point	15	7	1	9	9170.669928874579	8857.22902613524	298.0	9262	8862
point	14	8	0	9	14979.534893806373	28982.88761740629	298.0	14985	28994
point	13	8	0	9	9900.841956278375	17824.135169353616	672.0	9567	17790
point	12	8	0	9	7420.915710215441	18912.422498580137	447.99999999999994	7429	18924
point	11	8	1	9	6321.032177096313	13644.952799146762	132.0	6097	13777
point	34	4	0	9	7373.019191545228	18843.82995332403	447.99999999999994	7429	18924
disappearpoint	9	8	0	9	17074.0	10325.0	0.0	17074	10325
point	8	9	2	9	5196.082181946974	16594.74597820059	252.25	5215	16557
point	29	5	0	9	7735.348321156581	19376.137327029253	448.0	7744	19389
point	19	7	5	9	10505.634281444676	17294.845785226917	31.53125	10504	17322
point	5	9	2	9	12562.22352032774	14102.012035709955	252.24999999999997	12172	14081
point	4	10	1	9	18834.61443598547	12891.638894604412	504.5	18840	12888
point	3	10	0	9	7911.017662919577	17810.842905559446	672.0	7894	17832
point	2	10	2	9	14721.25758400327	23062.936457637283	252.25000000000003	14741	23288
point	1	10	0	9	10922.448920396339	25020.31394084431	672.0	11196	24373
point	0	10	1	9	10825.868578723295	13204.660440395599	504.5	10544	13292
newpoint	45	1	1	9	8080.0	8640.0	298.0	7883	8899
newpoint	46	1	0	9	17992.0	7925.0	132.0	17920	7916
newpoint	47	1	0	9	19716.0	23280.0	1009.0	19824	22112
newpoint	48	1	2	9	14426.0	24585.0	198.0	14474	24563
newpoint	49	1	1	9	15668.0	10202.0	132.0	15610	10086
point	49	2	1	10	15609.735440990235	10083.707155248698	132.0	15601	10008
point	48	2	2	10	14595.41343060837	24530.0	198.0	14677	24530
point	47	2	0	10	19808.901639908603	22275.285968395838	1009.0	19824	22112
point	46	2	0	10	17868.499679910088	7945.6781505602885	132.0	17684	8052
point	45	2	1	10	7899.592322300793	8877.185728548704	298.0	7883	8899
point	43	3	1	10	8728.07088349227	11923.565291753333	298.0	8674	11832
point	42	3	2	10	17738.9753567039	26537.781775659267	252.25000000000003	17673	26569
point	41	3	0	10	9726.857970721825	14975.572405247225	448.0	9718	15007
point	40	3	0	10	13646.1920962815	26289.037589031388	298.0	13676	26349
point	39	4	0	10	13229.982397380008	11508.643952478826	448.0	13487	11554
point	38	4	0	10	11576.4768772075	6273.832237347255	298.0	11870	6341
point	37	4	0	10	12603.0	20867.350195813742	672.0	12603	20869
point	36	4	1	10	11267.863696981995	13067.70420656896	504.5	11396	13028
point	35	4	1	10	13358.666598493224	19408.333401506778	504.5	13408	19359
point	33	5	0	10	13233.657730909772	12901.330375382888	672.0	13428	12408
point	32	5	0	10	8672.911286744009	17092.07180532713	1009.0	8752	16404
point	31	5	0	10	11645.967480322937	28772.235268621123	448.0	11321	28824
point	30	5	0	10	9289.27625864654	20445.08593490732	1009.0	8843	19730
point	28	6	0	10	10898.53026851525	26675.465949072808	298.00000000000006	10887	26671
point	27	6	1	10	11877.828981752305	25148.26216813176	448.00000000000006	11640	25144
point	26	6	0	10	10663.976653410982	27625.709583693846	672.0	10644	27455
point	25	6	1	10	11352.929713133577	25399.342508369704	298.0	11290	25627
point	24	7	1	10	11511.533727188915	11001.52866333144	298.0	11505	11079
point	23	7	2	10	10230.64393073036	16433.468525154003	252.24999999999997	10262	16543
point	22	7	0	10	10880.238677473639	25119.703078294115	672.0	10893	25090
point	21	7	0	10	19594.69728836207	7784.199369452472	132.0	18249	8155
point	20	7	1	10	15602.450973042543	14068.2371909396	504.5	15104	14020
point	18	8	1	10	8645.980754662085	17321.575189113137	504.49999999999994	8652	17274
point	17	8	0	10	10421.55252672952	12717.149099141227	298.0	10395	12471
point	16	8	4	10	13392.553524830308	19010.476066214156	63.0625	13371	18953
point	15	8	1	10	9467.30540084077	8846.461469576432	298.0	9606	8820
point	14	9	0	10	15112.731557335255	29249.46311467051	298.0	15114	29252
point	13	9	0	10	9254.28792125211	17677.719346845173	672.0	9231	17662
point	12	9	0	10	7672.688668612679	19282.979613512656	448.0	7744	19389
point	11	9	1	10	6207.315370334061	13711.978822897217	132.0	6097	13777
point	34	5	0	10	7234.5693406441	19050.991443738145	298.0	7183	19083
point	44	3	1	10	6324.15292041937	19553.27691452672	298.0	6363	19544
point	8	10	2	10	5308.715819205493	16369.038893683899	252.24999999999997	5392	16202
point	29	6	0	10	8196.906423810973	19581.666868985685	672.0	8405	19607
point	19	8	5	10	10503.968178066725	17326.327782925357	31.531249999999996	10503	17458
point	5	10	2	10	12310.338414905233	14088.44899157182	252.24999999999997	12172	14081
point	4	11	1	10	19303.759201317298	12706.529008180189	504.50000000000006	19392	12672
point	3	11	0	10	7306.954679894185	18002.033011681284	672.0	7255	17998
point	2	11	2	10	14743.054527391587	23314.24191804708	252.25	14763	23569
point	1	11	0	10	11184.033501995791	24401.31676260402	672.0	11196	24373
point	0	11	1	10	10386.075684021383	13429.522610086642	504.49999999999994	9708	14020
newpoint	50	1	0	10	8652.0	17274.0	672.0	8259	16953
newpoint	51	1	0	10	17924.0	11350.0	447.99999999999994	17794	11404
newpoint	52	1	3	10	5185.0	17646.0	126.125	5168	17808
newpoint	53	1	0	10	18840.0	12888.0	672.0	18100	13388
newpoint	54	1	2	10	9174.0	22323.0	197.99999999999997	9199	22280
point	54	2	2	11	9064.514246129214	22217.59157826911	198.0	8893	22138
point	53	2	0	11	18283.188213039364	13264.224180378807	672.0	18100	13388
point	52	2	3	11	5171.836938144929	17771.436236501257	126.125	5168	17808
point	51	2	0	11	17680.288073385225	11633.197628108564	672.0	17647	11647
point	50	2	0	11	8131.894256258	16848.47329013156	672.0	8124	16842
point	49	3	1	11	15492.518534586583	9944.003739828056	298.0	15462	9926
point	48	3	2	11	14674.443319034717	24381.71250401361	252.25	14668	24008
point	47	3	0	11	19890.826917389848	21269.629120270056	1009.0	19976	20196
point	46	3	0	11	17754.13092453447	8011.585568912339	132.0	17684	8052
point	45	3	1	11	7719.055380439252	9114.273075217618	298.0	7669	9180
point	43	4	1	11	8577.050795938394	11666.666982359226	298.0	8562	11641
point	42	4	2	11	17625.338740931908	26488.204372470187	132.0	17381	26074
point	41	4	0	11	9674.74608888119	15402.303277224659	448.00000000000006	9691	15453
point	40	4	0	11	13778.359959465906	26556.118012239713	298.0	13812	26625
point	39	5	0	11	13666.969070455678	11593.612481781858	448.0	13789	11651
point	38	5	0	11	11866.96820073058	6340.306224423474	298.0	11870	6341
point	37	5	0	11	12429.073272509257	21506.934966583063	672.0	12407	21558
point	36	5	1	11	11741.379675974391	12894.3046415583	504.49999999999994	12016	12788
point	35	5	1	11	13368.36023550311	18946.664565207466	504.5	13361	18929
point	33	6	0	11	13481.678805698077	12276.785141626926	672.0	13536	12144
point	32	6	0	11	8807.307214610704	16092.473648315217	1009.0	8948	15300
point	31	6	0	11	11428.310028416246	28966.521131490328	672.0	11449	28994
point	30	6	0	11	8796.205668069564	19570.64632910176	1009.0	8584	18848
point	28	7	0	11	10602.100847340103	26686.454010026628	298.0	10544	26692
point	27	7	1	11	11430.052756385223	25135.17044302555	448.0	11426	25135
point	26	7	0	11	10579.107599728919	26959.102414153804	672.0	10544	26692
disappearpoint	25	6	1	11	11290.0	25627.0	0.0	11290	25627
disappearpoint	24	7	1	11	11360.0	11068.0	0.0	11360	11068
point	23	8	2	11	10291.354644324192	16678.167897120697	252.25	10305	16741
point	22	8	0	11	11142.000346486093	24500.78135831509	672.0	11196	24373
point	21	8	0	11	19467.43993599218	7819.264541173223	132.0	18249	8155
point	20	8	1	11	15101.039001754862	14017.747461457686	504.5	14452	13524
point	18	9	1	11	9026.915655527508	17534.522696696447	504.5	9042	17545
point	17	9	0	11	10365.537682535061	12486.949525244177	198.0	10262	12543
point	16	9	4	11	13370.354602163454	18951.45104519229	63.0625	13361	18929
point	15	9	1	11	9627.0	8956.473560364922	298.0	9627	8981
point	14	10	0	11	15243.635133953308	29517.16871971063	298.0	15375	29785
point	13	10	0	11	8708.352713117696	17313.175682916048	672.0	8652	17274
point	12	10	0	11	8029.702826256453	19566.31890759316	672.0	8055	19564
disappearpoint	11	9	1	11	6097.0	13777.0	0.0	6097	13777
disappearpoint	34	5	0	11	7183.0	19083.0	0.0	7183	19083
point	44	4	1	11	6497.626415941655	19403.16529914946	298.0	6722	19330
point	8	11	2	11	5417.022507863839	16141.359868329977	252.25	5503	15933
point	29	7	0	11	8848.449633034379	19738.73216053462	1009.0	9356	20552
point	19	9	5	11	10503.736336907503	17357.858180579675	31.531249999999996	10503	17458
point	5	11	2	11	12145.87000266439	13970.331775990351	252.25	12121	13865
point	4	12	1	11	19463.213667984382	13075.482114625496	504.50000000000006	19712	14356
point	3	12	0	11	7307.333383556156	17728.136287204397	298.0	7338	17570
point	2	12	2	11	14762.743387398787	23565.722357229966	252.25	14763	23569
point	1	12	0	11	11451.948703570924	23785.03878608071	672.0	11455	23778
point	0	12	1	11	10005.612437075579	13760.835102642319	504.49999999999994	9708	14020
newpoint	55	1	0	11	14542.0	30113.0	672.0	14640	30093
newpoint	56	1	0	11	10915.0	7626.0	298.0	10504	7841
newpoint	57	1	1	11	7870.0	20664.0	298.0	7827	20688
newpoint	58	1	1	11	14324.0	16185.0	298.0	14279	16034
newpoint	59	1	0	11	11646.0	16903.0	448.00000000000006	11711	16906
point	59	2	0	12	11721.168228237804	17265.63543524393	448.00000000000006	11717	17349
point	58	2	1	12	14480.690254322953	15908.554282954485	504.5	14556	15856
point	57	2	1	12	7719.112084143275	20825.52597843177	298.0	7721	20840
point	56	2	0	12	10650.946792131634	7764.130023580776	298.0	10504	7841
point	55	2	0	12	15167.534526176343	29871.93791284039	672.0	15375	29785
point	50	3	0	12	7610.499444628909	16424.52952319863	672.0	7589	16407
point	49	4	1	12	15205.856652117094	9868.277555406668	298.0	15178	9862
point	48	4	2	12	14670.094827383191	24129.499988225125	252.25	14668	24008
point	47	4	0	12	19970.622142348744	20263.789310919798	1009.0	19976	20196
point	46	4	0	12	17640.308382367122	8078.418187405927	132.0	17340	8260
point	45	4	1	12	7926.8346716104825	9437.834671610482	504.5	7971	9482
point	43	5	1	12	8462.390883013288	11411.316108439876	448.0	8610	11318
point	42	5	2	12	17558.271610067473	26374.511804737667	132.0	17381	26074
point	41	5	0	12	9955.613686382154	15738.542691343702	448.0	10028	15851
point	40	5	0	12	13911.38501870644	26822.77003741288	298.0	13996	26992
point	39	6	0	12	13575.597341302948	12069.20502198332	672.0	13536	12144
point	38	6	0	12	12068.847301306347	6558.76079783163	298.0	12259	6767
point	37	6	0	12	11847.250484872076	21362.047885317017	1009.0	11552	21140
point	36	6	1	12	12195.142256497786	12678.375634083444	504.5	12284	12624
point	35	6	1	12	13088.403205755396	18538.002289825283	504.50000000000006	13080	18532
point	33	7	0	12	13778.694820500301	11674.674061012822	672.0	13789	11651
point	32	7	0	12	9028.229669850603	15112.292847896704	1008.9999999999999	9160	14804
point	31	7	0	12	11831.561716884997	29504.082289179998	672.0	11965	29682
point	30	7	0	12	8571.766318225957	18592.451980719998	1009.0	8548	18096
point	28	8	0	12	10473.881042393881	26156.183486765924	672.0	10465	26088
point	27	8	1	12	11066.800879225611	25137.57864322065	298.0	11051	25138
point	26	8	0	12	10491.677483693304	26292.814229645355	672.0	10465	26088
point	54	3	2	12	8883.429171836395	22131.877484924753	252.25	8757	22051
point	53	3	0	12	17671.164037772178	13527.371687724042	672.0	17300	13648
point	23	9	2	12	10346.398752075358	16924.337330619437	252.25	10347	16927
point	22	9	0	12	11409.000782954878	23884.111830229085	672.0	11455	23778
point	21	9	0	12	19340.18258362229	7854.329712893973	132.0	18249	8155
point	20	9	1	12	14699.517621481897	13712.295613888069	504.5	14452	13524
point	18	10	1	12	9195.724166684591	17515.8746970251	298.0	9133	17322
disappearpoint	17	9	0	12	10217.0	12521.0	0.0	10217	12521
point	16	10	4	12	13345.92521336749	18893.312750012836	63.0625	13312	18813
point	15	10	1	12	9670.206345571854	9248.619036715563	298.0	9681	9281
point	14	11	0	12	15374.862405903987	29784.719468347936	298.0	15375	29785
point	13	11	0	12	8184.946266091113	16892.014572075033	672.0	8174	16883
point	12	11	0	12	8689.551868889957	19679.482096753894	672.0	8843	19730
point	52	3	3	12	5257.000740855735	17816.010066677016	126.125	5368	17826
point	51	3	0	12	17223.141340576072	12092.477250346332	298.0	16873	12121
point	44	5	1	12	6782.403272565449	19316.026108585604	298.0	6856	19299
point	8	12	2	12	5478.986224893522	15920.99311244676	252.25	5417	15890
point	29	8	0	12	9403.050418704544	20569.923969030304	1009.0	9944	20776
point	19	10	5	12	10503.504495748279	17389.38857823399	31.531249999999996	10503	17458
point	5	12	2	12	12071.994461181495	13729.59132724438	252.25	11978	13489
point	4	13	1	12	19559.4316642406	13570.721801238391	504.50000000000006	19712	14356
point	3	13	0	12	7202.674479689531	17549.180689183006	298.0	7130	17538
point	2	13	2	12	14710.85773321478	23812.42778414875	252.25	14675	23986
point	1	13	0	12	11711.66615544517	23165.259573045467	672.0	11906	22694
point	0	13	1	12	9645.060292092889	14110.045129560538	504.5	9160	14804
newpoint	60	1	0	12	5222.0	19882.0	298.0	5271	19907
newpoint	61	1	1	12	4229.0	16335.0	297.99999999999994	4422	16094
newpoint	62	1	4	12	12418.0	14544.0	63.0625	12587	14582
newpoint	63	1	1	12	8913.0	16833.0	298.0	8867	16838
newpoint	64	1	3	12	8581.0	21772.0	126.125	8493	21488
point	64	2	3	13	8543.670023297174	21651.525984277247	126.125	8493	21488
point	63	2	1	13	9015.401508660747	16742.204525982237	298.0	9027	16777
point	62	2	4	13	12479.526338801517	14557.834324700932	63.0625	12587	14582
point	61	2	1	13	4415.276803379231	16102.395286972049	297.99999999999994	4422	16094
point	60	2	0	13	5413.380556063012	20026.404717945516	298.0	5427	20085
point	58	3	1	13	14890.740132593397	15632.780700996931	504.5	14940	15596
point	57	3	1	13	7911.330524523872	20800.42152940087	298.0	8001	20731
point	56	3	0	13	10386.289648663223	7901.059217763797	298.0	10302	7934
point	55	3	0	13	15287.699634170347	29607.00896287158	298.0	15169	29365
point	50	4	0	13	7311.521882304194	16465.77948853432	298.0	7202	16563
point	49	5	1	13	14939.91112744088	9800.321594692134	297.99999999999994	14861	9780
point	48	5	2	13	14696.778201319363	23880.58088057004	252.25	14744	23652
point	47	5	0	13	19981.39244845101	19255.01774529892	1008.9999999999999	19984	18800
point	46	5	0	13	17527.351760534482	8146.71754014194	132.0	17340	8260
point	45	5	1	13	8275.112080644967	9802.310258775307	504.5	8623	10218
point	43	6	1	13	8840.842586780993	11171.570000922504	448.00000000000006	8878	11148
point	42	6	2	13	17491.20447920304	26260.81923700515	132.0	17381	26074
point	41	6	0	13	10143.666440765377	16143.110508707672	447.99999999999994	10183	16248
point	40	6	0	13	14043.682441382338	27089.78941368242	298.0	14055	27113
point	39	7	0	13	13317.260756535678	12689.107310332512	672.0	13220	12936
point	38	7	0	13	12269.632631866076	6778.961710849336	298.0	12299	6812
point	37	7	0	13	10941.06878596483	20950.755314170925	1009.0	10364	20772
point	36	7	1	13	12661.820288644927	12756.3329945	504.50000000000006	13072	12900
point	35	7	1	13	12592.08504060752	18464.230569836982	504.5	12292	18433
point	33	8	0	13	13858.0	11020.285847323828	672.0	13858	10979
point	32	8	0	13	9545.978876834275	14251.796643361184	1009.0	9708	14020
point	31	8	0	13	12235.039490532408	30041.47379125536	672.0	12276	30096
point	30	8	0	13	8612.263683509862	17588.069732258595	1008.9999999999999	8652	17274
point	28	9	0	13	10701.054072938996	25532.963663937695	672.0	10713	25506
point	27	9	1	13	10998.976751315437	24839.22333104565	504.5	11196	24373
point	26	9	0	13	10647.487891199784	25659.893357964167	672.0	10678	25585
point	54	4	2	13	8671.760120385035	21994.680793825828	252.25000000000003	8645	21977
point	53	4	0	13	17043.666896876406	13764.88789502436	672.0	16800	13876
point	23	10	2	13	10322.463748178696	17175.310990637634	252.25000000000003	10313	17271
point	22	10	0	13	11670.500486133846	23265.08632112542	672.0	11906	22694
point	21	10	0	13	19212.9252312524	7889.394884614723	132.0	18249	8155
point	20	10	1	13	14285.80556921659	13424.893229349344	504.50000000000006	14016	13264
point	18	11	1	13	9154.04599154473	17254.29265159039	298.0	9217	17255
point	59	3	0	13	11859.471817929303	17678.115705987606	448.0	12002	17946
point	16	11	4	13	13321.386219588778	18835.22043821017	63.0625	13312	18813
point	15	11	1	13	9736.797755814094	9538.899732849477	298.0	9746	9581
point	14	12	0	13	15986.249215904045	29507.7710052863	672.0	16285	29371
point	13	12	0	13	7663.691550348713	16467.899585416217	672.0	7589	16407
point	12	12	0	13	8656.1561934322	20179.176988484756	672.0	8498	20393
point	52	4	3	13	5382.589855328901	17824.40206346398	126.125	5578	17803
point	51	4	0	13	16926.12518716106	12116.672386439128	298.0	16873	12121
point	44	6	1	13	7054.778535832492	19200.51105579263	298.0	7103	19169
point	8	13	2	13	5246.347105709675	15824.065927206011	252.25000000000003	5241	15822
point	29	9	0	13	10373.655468896723	20774.990919658245	1009.0	11552	21140
point	19	11	5	13	10503.272654589056	17420.918975888308	31.531249999999996	10503	17458
point	5	13	2	13	11980.201749458118	13494.63567063133	252.25	11978	13489
point	4	14	1	13	19655.64966049682	14065.961487851286	504.50000000000006	19712	14356
disappearpoint	3	13	0	13	7081.0	17525.0	0.0	7081	17525
point	2	14	2	13	14668.895139735607	24059.91810466516	252.25	14677	24530
point	1	14	0	13	11971.71626531847	22545.66579180843	672.0	12191	22043
point	0	14	1	13	9356.03178809072	14523.545763023496	504.5	9160	14804
newpoint	65	1	5	13	14245.0	28734.0	31.53125	14305	28836
newpoint	66	1	0	13	7997.0	12012.0	448.0	7977	11979
newpoint	67	1	0	13	10893.0	25090.0	672.0	10835	25225
newpoint	68	1	1	13	13412.0	13762.0	298.0	13600	13767
newpoint	69	1	2	13	6765.0	24163.0	252.25	6466	24357
point	69	2	2	14	6553.389482828455	24300.299131542743	252.25	6466	24357
point	68	2	1	14	13688.827630552145	13815.97254988991	448.0	13620	13898
point	67	2	0	14	10628.075807336305	25707.541200174524	672.0	10623	25720
point	66	2	0	14	8011.3134922414265	11682.749402898964	447.99999999999994	8089	11636
point	65	2	5	14	14260.986978365701	28761.177863221692	31.53125	14305	28836
point	63	3	1	14	9074.760393067974	17033.81693135775	298.0	9081	17074
point	62	3	4	14	12541.052677603036	14571.668649401867	63.0625	12587	14582
point	61	3	1	14	4476.128219095709	15812.01274019967	298.0	4497	15692
point	60	3	0	14	5663.171181773127	20113.106471070285	298.0	5684	20115
point	58	4	1	14	15297.181357242414	15333.918365267766	504.5	15426	15241
point	57	4	1	14	8177.02686592362	20773.637136446094	298.0	8178	20774
point	56	4	0	14	10093.299767936454	7973.497089814046	448.0	10078	7970
point	55	4	0	14	15156.27738605115	29339.5547721023	298.0	15153	29333
point	50	5	0	14	7095.313537503535	16670.639020197326	298.0	7090	16676
point	49	6	1	14	14710.302107232013	9634.938570688464	198.0	14772	9503
point	48	6	2	14	14748.204558001633	23633.63272030865	252.25	14763	23569
point	47	6	0	14	19670.150802839205	18606.033114201055	672.0	19285	18368
point	46	6	0	14	17414.395138701846	8215.016892877953	132.0	17340	8260
point	45	6	1	14	8598.897218798103	10189.199692995415	504.5	8623	10218
point	43	7	1	14	9013.224719199981	10869.36069186872	504.5	8892	10679
point	42	7	2	14	17424.137348338605	26147.126669272635	132.0	17381	26074
point	41	7	0	14	10271.64153733516	16587.395916101428	672.0	10305	16741
point	40	7	0	14	14176.159711859495	27356.71367694139	298.0	14242	27488
point	39	8	0	14	12831.972172755215	12815.92933969599	672.0	12284	12624
point	38	8	0	14	12302.934352873777	7065.76576035869	298.0	12303	7070
point	37	8	0	14	9959.139082068064	20775.85581826602	1009.0	9944	20776
point	36	8	1	14	13139.907890322202	12916.518135483779	504.49999999999994	13220	12936
point	35	8	1	14	12317.077409937276	18254.671751557154	448.0	12319	18241
point	33	9	0	14	13861.822616020023	10355.522361611273	448.0	13733	10283
point	32	9	0	14	10255.649665690004	13543.099334183824	1008.9999999999999	10544	13292
point	31	9	0	14	12653.0295544595	30567.62006995139	672.0	12880	30851
point	30	9	0	14	8731.068649461282	16586.102749686852	1009.0	8752	16404
point	28	10	0	14	10966.662257761885	24915.6903009397	672.0	11196	24373
point	27	10	1	14	11195.359818900144	24374.51488398877	504.5	11196	24373
point	26	10	0	14	10913.027733582909	25042.607640333514	672.0	11196	24373
point	54	5	2	14	8579.396278457107	21766.82435320248	252.25	8493	21488
point	53	5	0	14	16415.76991832823	14001.46288381119	672.0	16212	14068
point	23	11	2	14	10296.799874122886	17426.251206322337	252.25	10289	17501
point	22	11	0	14	11928.453986183367	22644.60123039659	672.0	11931	22639
point	21	11	0	14	19085.667878882512	7924.460056335473	132.0	18249	8155
point	20	11	1	14	13839.993269066383	13191.474613384138	504.5	13220	12936
point	18	12	1	14	9104.747688364023	17097.747688364023	298.0	9081	17074
point	59	4	0	14	12069.0131097749	18074.088349063415	448.0	12081	18097
point	16	12	4	14	13293.22347313044	18778.884901884885	63.06250000000001	13241	18684
point	15	12	1	14	9787.255417088081	9832.406435952702	298.0	9794	9891
point	14	13	0	14	16597.264692426907	29228.04955918918	672.0	16818	29127
point	13	13	0	14	7603.4911638500025	16172.459951984612	298.0	7647	16122
point	12	13	0	14	8402.297462590412	20762.504725686398	298.0	8344	20774
point	52	5	3	14	5507.96512960576	17810.670485805083	126.125	5578	17803
point	51	5	0	14	16628.52787957934	12110.468893274186	298.0	16548	12107
point	44	7	1	14	7287.454182246873	19018.166369639872	298.0	7299	19011
point	8	14	2	14	5006.884937750725	15744.791841173112	252.24999999999997	4959	15729
point	29	10	0	14	11337.473435024029	21073.54732667411	1009.0	11552	21140
point	19	12	5	14	10503.040813429834	17452.449373542626	31.531249999999996	10503	17458
disappearpoint	5	13	2	14	11946.0	13419.0	0.0	11946	13419
point	4	15	1	14	19731.440917559645	14564.132176226783	504.50000000000006	19848	15812
point	64	3	3	14	8506.340046594349	21531.05196855449	126.125	8493	21488
point	2	15	2	14	14673.243631387131	24312.130620453645	252.25	14677	24530
point	1	15	0	14	12242.741337229902	21930.7669523322	672.0	12327	21748
point	0	15	1	14	9096.201961754763	14953.263334762443	504.49999999999994	8948	15300
newpoint	70	1	1	14	19932.0	26721.0	504.5	19876	25737
newpoint	71	1	3	14	9283.0	14156.0	126.125	9355	14199
newpoint	72	1	0	14	10801.0	5997.0	298.0	10741	6118
newpoint	73	1	1	14	13036.0	26064.0	298.0	12977	25973
newpoint	74	1	0	14	1765.0	22144.0	132.0	2569	21983
point	74	2	0	15	1894.4304538292672	22118.081712603842	132.0	2569	21983
point	73	2	1	15	12887.9655129169	25856.835606710203	298.0	12853	25867
point	72	2	0	15	10669.392433055482	6264.362719249237	298.0	10650	6304
point	71	2	3	15	9391.72842802505	14219.906951337336	126.125	9420	14236
point	70	2	1	15	19903.33500064477	26217.315011329538	504.5	19876	25737
point	68	3	1	15	13338.726827449445	14089.746871063056	448.00000000000006	13297	14116
point	67	3	0	15	10498.33857459306	26343.831631272078	672.0	10544	26692
point	66	3	0	15	8395.487502464899	11452.284148378389	448.0	8436	11428
point	65	3	5	15	14276.973956731405	28788.355726443388	31.53125	14305	28836
point	63	4	1	15	9215.1183572369	17243.86694698499	298.0	9217	17255
point	62	4	4	15	12583.4331326434	14597.56451210153	63.06250000000001	12576	14630
point	61	4	1	15	4672.108242810422	15711.45647142338	298.0	4686	15713
point	60	4	0	15	5959.206058203229	20146.966139291795	298.0	5966	20148
point	58	5	1	15	15712.127002082985	15047.060889810207	504.5	15733	15033
point	57	5	1	15	8433.899632865081	20663.13938156646	504.50000000000006	8471	20473
point	56	5	0	15	9753.99539207317	8183.826771040678	448.0	9701	8237
point	55	5	0	15	15024.212211954766	29072.42442390953	298.0	14985	28994
point	50	6	0	15	6963.324394512989	16936.5262088903	298.0	6935	17007
point	49	7	1	15	14803.19157621118	9460.95917988928	198.0	14818	9441
point	48	7	2	15	14748.486406773807	23383.621831974535	252.25	14741	23288
point	47	7	0	15	19088.914955560183	18269.95747778009	672.0	19071	18261
point	46	7	0	15	17317.322766810823	8298.940703456165	132.0	17142	8600
point	45	7	1	15	8862.03515996765	10281.72477487378	298.0	8914	10255
point	43	8	1	15	8747.363604134101	10440.706045604999	504.5	8727	10405
point	42	8	2	15	17335.904539009294	26060.412284679656	132.0	17152	26005
point	41	8	0	15	10315.120355021565	17249.560854781954	672.0000000000001	10313	17271
disappearpoint	40	7	0	15	14309.0	27623.0	0.0	14309	27623
point	39	9	0	15	12166.957668728806	12695.622919136104	1009.0	12016	12788
point	38	9	0	15	12307.62565088672	7363.728831306805	298.0	12313	7705
point	37	9	0	15	9162.94499062394	20242.6603943331	1009.0	8843	19730
point	36	9	1	15	13374.699927963638	12543.300182861534	504.5	13428	12408
point	35	9	1	15	12021.289432250052	17982.869674300735	448.0	12002	17946
disappearpoint	33	9	0	15	13752.0	10118.0	0.0	13752	10118
point	32	10	0	15	11142.56659623939	13106.52866032019	1009.0	11396	13028
point	31	10	0	15	13172.272433803206	30750.93949547737	672.0	13201	30741
point	30	10	0	15	8896.334356521511	15591.014644899247	1009.0	8948	15300
point	28	11	0	15	11229.075578481212	24297.048671635734	672.0	11250	24249
point	27	11	1	15	11396.901023695045	23912.023774885292	504.5	11455	23778
point	26	11	0	15	11174.612315182361	24423.610462093224	672.0	11196	24373
point	54	6	2	15	8504.736325051455	21525.87632175697	252.25	8493	21488
point	53	6	0	15	16373.152914176171	13639.681759864294	672.0	16376	13632
disappearpoint	23	11	2	15	10289.0	17501.0	0.0	10289	17501
point	22	12	0	15	12197.532994707048	22028.8291658928	672.0	12327	21748
point	21	12	0	15	18958.41052651262	7959.525228056224	132.0	18249	8155
point	20	12	1	15	13373.541727197311	12999.268450402913	504.5	13220	12936
point	18	13	1	15	9034.835368250297	16813.745175242773	298.0	9027	16777
point	59	5	0	15	12302.741332324276	18356.6171923607	448.0	12292	18433
point	16	13	4	15	13262.81603286488	18723.637580839008	63.06250000000001	13241	18684
point	15	13	1	15	9822.382782413182	10128.328372093203	298.0	9841	10284
point	14	14	0	15	16747.45451076818	28950.272649228402	298.0	16734	28920
disappearpoint	13	13	0	15	7663.0	16134.0	0.0	7663	16134
point	12	14	0	15	8110.203161264563	20748.950429238383	298.0	8044	20726
point	52	6	3	15	5633.538395493808	17799.15503415812	126.12500000000001	5708	17794
point	51	6	0	15	16331.53999002144	12086.832918324979	298.0	16226	12077
point	44	8	1	15	7536.615630744921	19082.22694223387	448.0	7631	19221
point	8	15	2	15	4757.51664415795	15717.206861421057	252.25	4686	15713
point	29	11	0	15	12173.022486318203	21618.891706741037	1009.0	12327	21748
point	19	13	5	15	10515.155944519112	17480.961228536104	31.53125	10611	17662
point	69	3	2	15	6337.68081897697	24430.899480155433	252.25	6051	24596
point	4	16	1	15	19778.36030749416	15066.445644937481	504.50000000000006	19848	15812
point	64	4	3	15	8475.514456002991	21408.854906118806	126.12500000000001	8455	21316
point	2	16	2	15	14677.715433099003	24564.340788752143	252.25	14680	24674
point	1	16	0	15	12512.077032045281	21315.16897941555	672.0	12549	21230
point	0	16	1	15	8925.726816363433	15425.457115993731	504.5	8752	16404
newpoint	75	1	0	15	8410.0	11383.0	298.0	8436	11428
newpoint	76	1	0	15	14004.0	25954.0	298.0	13842	25621
newpoint	77	1	4	15	10120.0	13727.0	63.06249999999999	10177	14029
newpoint	78	1	0	15	17778.0	18491.0	672.0	17431	18606
newpoint	79	1	0	15	14098.0	28621.0	298.0	14244	28520
point	79	2	0	16	14192.66666106387	28411.0175317694	298.0	14182	28388
point	78	2	0	16	17129.335023875745	18648.22512679068	672.0	17033	18641
point	77	2	4	16	10131.69602158276	13788.968395052523	63.06249999999999	10177	14029
point	76	2	0	16	13873.635215782906	25686.027943553752	298.0	13842	25621
point	75	2	0	16	8748.50030368362	11230.145329752928	448.00000000000006	8878	11148
point	70	3	1	16	19860.365707530345	25719.5789312481	504.49999999999994	19841	25698
point	68	4	1	16	12966.752817056631	14337.755245858334	448.0	12965	14339
point	67	4	0	16	10685.63797820284	26678.48001117155	298.0	10764	26671
point	66	4	0	16	8774.591649101985	11213.594849450234	448.00000000000006	8878	11148
point	65	4	5	16	14292.960935097106	28815.53358966508	31.53125	14305	28836
point	63	5	1	16	9172.86884058762	17445.230961816276	298.0	9221	17594
point	62	5	4	16	12564.354545404125	14657.41534102779	63.0625	12528	14743
point	61	5	1	16	4928.885857658833	15702.11224376408	298.0	4868	15572
point	60	5	0	16	6254.048652292257	20190.22262008449	298.0	6266	20192
point	58	6	1	16	15983.682047959826	14634.821369363139	504.5	16070	14420
point	57	6	1	16	8632.597587439604	20211.02760382343	504.5	8802	19982
point	56	6	0	16	9407.805410685769	8467.458360999432	448.0	9307	8546
point	55	6	0	16	14892.102427012202	28805.309681970313	298.0	14778	28574
point	50	7	0	16	6829.639072599728	17173.934097927635	298.0	6272	16961
disappearpoint	49	7	1	16	14818.0	9441.0	0.0	14818	9441
point	48	8	2	16	14727.338813429153	23132.26247309233	252.25000000000003	14711	22946
point	47	8	0	16	18429.760899576868	18294.96562788662	672.0	18339	18326
point	46	8	0	16	17250.895247805074	8413.008160334719	132.0	17142	8600
point	45	8	1	16	9087.40796892241	10326.269307118224	298.0	9176	10401
point	43	9	1	16	8462.923924701257	10026.725803297326	504.5	8192	9703
point	42	9	2	16	17209.517131167577	26022.330489303768	132.0	17152	26005
point	41	9	0	16	10312.248055477528	17865.47787355588	672.0	10573	17890
point	74	3	0	16	2023.8609076585346	22092.16342520768	132.0	2569	21983
point	39	10	0	16	11236.301176737892	13077.484142419245	1009.0	10544	13292
point	38	10	0	16	12312.31798245834	7661.691886104581	298.0	12313	7705
point	37	10	0	16	8586.622647748221	19647.050122323966	672.0	8405	19607
point	36	10	1	16	13570.550255073244	12078.738407083874	504.5	13752	11736
point	35	10	1	16	11809.368198225451	17588.203256761524	448.0	11729	17450
point	73	3	1	16	12593.558366201518	25896.794010121146	298.0	12404	25905
point	32	11	0	16	12083.254894342714	12746.844019879833	1009.0	12284	12624
point	31	11	0	16	13704.889956839694	30343.8306850888	672.0	13795	30273
point	30	11	0	16	9259.700563806213	14661.362697036368	1009.0	9708	14020
point	28	12	0	16	11496.315519018159	23680.480448852064	672.0	11666	23276
point	27	12	1	16	11594.000811677668	23447.625972163696	504.5	11666	23276
point	26	12	0	16	11442.322484019582	23807.24472436392	672.0	11455	23778
point	54	7	2	16	8450.104729843782	21279.880844523046	252.25	8418	21043
point	53	7	0	16	16664.676777312907	13034.940474854919	671.9999999999999	16749	12886
point	72	3	0	16	10464.601679566884	6476.925901529957	298.0	10460	6481
point	22	13	0	16	12469.138743016903	21414.24619152806	672.0	12474	21403
point	21	13	0	16	18831.15317414273	7994.590399776975	132.0	18249	8155
point	20	13	1	16	12896.344488911605	12838.475988502034	504.50000000000006	12284	12624
disappearpoint	18	13	1	16	8974.0	16606.0	0.0	8974	16606
point	59	6	0	16	12257.237619444004	18802.232852932604	448.0	12255	18826
point	16	14	4	16	13228.965592438972	18670.86039174459	63.0625	13143	18577
point	15	14	1	16	9856.843430367873	10424.327526115449	298.0	9876	10594
point	14	15	0	16	16753.357196387515	28755.42304809903	198.0	16847	28705
point	71	3	3	16	9495.94464526839	14290.701387850659	126.12500000000001	9563	14339
disappearpoint	12	14	0	16	8044.0	20726.0	0.0	8044	20726
point	52	7	3	16	5759.485165308275	17794.0	126.12499999999999	5846	17794
point	51	7	0	16	16037.103415457845	12111.397834839467	298.0	15902	12136
point	44	9	1	16	7787.554293196003	19453.350487244545	448.0	7855	19553
disappearpoint	8	15	2	16	4686.0	15713.0	0.0	4686	15713
point	29	12	0	16	12105.699528930281	22238.53492599059	672.0	11931	22639
point	19	14	5	16	10529.909029203576	17508.828166273423	31.53125	10611	17662
point	69	4	2	16	6119.089109425465	24556.78723577666	252.25	6051	24596
point	4	17	1	16	19825.279697428676	15568.759113648179	504.50000000000006	19848	15812
point	64	5	3	16	8450.832440914008	21285.250172149303	126.125	8418	21043
point	2	17	2	16	14682.0	24816.5431876115	252.25	14682	25198
point	1	17	0	16	12603.0	20658.391275708887	672.0	12603	20538
point	0	17	1	16	8837.538809202179	15922.189564493852	504.5	8752	16404
newpoint	80	1	0	16	14534.0	9314.0	198.0	14555	9314
newpoint	81	1	5	16	9654.0	7522.0	31.53125	9622	7570
newpoint	82	1	0	16	10421.0	3935.0	298.0	10325	4002
newpoint	83	1	3	16	12889.0	12101.0	126.125	12976	12116
newpoint	84	1	2	16	13087.0	16349.0	252.25	12876	16471
point	84	2	2	17	12868.65016560681	16475.30654358976	252.25000000000003	12748	16546
point	83	2	3	17	12964.541866784928	12152.064943890062	126.12499999999999	12915	12308
point	82	2	0	17	10332.420184377568	4179.611191987515	298.0	10336	4212
point	81	2	5	17	9636.509609437773	7548.23558584334	31.53125	9622	7570
point	80	2	0	17	14671.293266856199	9186.706733143801	197.99999999999997	14699	9159
point	75	3	0	17	9124.307029003718	11054.287886899607	672.0	9463	11616
point	70	4	1	17	19526.957994476958	25340.95224212826	504.5	19213	24984
point	68	5	1	17	12780.723944858004	14608.895050923	298.0	12683	14864
point	67	5	0	17	10976.78245514115	26705.774894596925	298.00000000000006	11029	26726
point	66	5	0	17	9148.23872792862	11093.977890307846	672.0	9463	11616
point	65	5	5	17	14311.780675625098	28832.172199243898	31.53125	14429	28766
point	63	6	1	17	9335.945888666038	17726.09047181997	504.50000000000006	9400	17752
point	62	6	4	17	12539.699115961064	14715.458331174994	63.0625	12528	14743
point	61	6	1	17	4809.828130943185	15429.03523706376	298.0	4809	15427
point	60	6	0	17	6508.564704557255	20304.8141316931	298.0	6506	20332
point	58	7	1	17	16172.15597719026	14166.849674909661	504.5	16212	14068
point	57	7	1	17	8848.459794739303	19775.23829926852	504.5	8843	19730
point	56	7	0	17	9062.637166747681	8752.931532204997	448.0	8961	8839
point	55	7	0	17	14760.245666514957	28538.06861080408	298.0	14736	28489
point	50	8	0	17	6551.2448818928315	17067.62946688716	298.0	6272	16961
point	79	3	0	17	13991.329192226756	28222.202070421255	448.0	13856	28234
point	48	9	2	17	14705.000372277053	22881.004033001405	252.25000000000003	14657	22361
point	47	9	0	17	17786.226085056318	18488.062112479885	672.0	17778	18491
point	46	9	0	17	17184.46772879933	8527.075617213275	132.0	17142	8600
point	45	9	1	17	9259.992635617118	10313.912898860146	198.0	9366	10204
point	43	10	1	17	8133.75932624465	9644.75932624465	504.5	8102	9613
point	42	10	2	17	17162.05195393685	25933.777181079917	132.0	17269	25176
point	41	10	0	17	10951.096052484967	17956.438337900356	448.0	10933	18028
point	74	4	0	17	2153.291361487802	22066.245137811522	132.0	2569	21983
point	39	11	0	17	10329.654343448967	13478.655069341092	1008.9999999999999	9708	14020
point	38	11	0	17	12143.994167071864	7713.535648127684	198.0	12115	7715
point	37	11	0	17	7923.920369428437	19581.56570700537	672.0	7881	19607
point	36	11	1	17	13802.354677698308	11655.738756602625	298.0	13975	11717
point	35	11	1	17	11734.259274401978	17163.696208468526	448.0	11748	17084
point	73	4	1	17	12349.788936935973	25833.67960957152	298.0	12220	25856
point	32	12	0	17	12770.290209888202	12794.32499737201	672.0	13072	12900
point	31	12	0	17	14277.066139896395	30093.03627446522	672.0	14395	30113
point	30	12	0	17	9878.806638110944	13871.259291214394	1008.9999999999999	10544	13292
point	28	13	0	17	11754.967011711364	23060.254996599942	672.0	11906	22694
point	27	13	1	17	11787.377052404683	22981.66064791864	504.49999999999994	11906	22694
point	26	13	0	17	11367.922862606893	23552.82637904284	298.0	11415	23450
point	54	8	2	17	8417.706662193013	21029.799798685643	252.24999999999997	8412	20773
point	53	8	0	17	16930.74008384621	12461.0	672.0	16989	12461
point	72	4	0	17	10704.458958350117	6640.431750916816	298.0	10914	6778
point	22	14	0	17	12603.0	20766.372718383398	672.0	12603	20538
point	21	14	0	17	18703.895821772843	8029.655571497725	132.0	18249	8155
point	20	14	1	17	12420.205641006387	12671.706544311883	504.50000000000006	12284	12624
point	78	3	0	17	16477.72965085785	18501.822632480795	672.0	16275	18495
point	59	7	0	17	12140.253333249373	19169.535384450694	672.0	12167	19222
point	16	15	4	17	13186.372392980831	18624.35557192805	63.0625	13143	18577
point	15	15	1	17	9987.962542659454	10533.528252360402	298.0	10063	10493
disappearpoint	14	15	0	17	16885.0	28684.0	0.0	16885	28684
point	71	4	3	17	9588.63375108484	14374.127732968116	126.125	9590	14376
point	77	3	4	17	10143.392043165522	13850.936790105046	63.06249999999999	10177	14029
point	52	8	3	17	5884.229367928651	17804.36728621794	126.125	5964	17826
point	51	8	0	17	15741.693982796714	12125.1195010948	298.0	15681	12121
point	44	10	1	17	8217.952297116339	19584.22897530112	504.50000000000006	8405	19607
point	76	3	0	17	14047.339082456218	25527.39722010331	297.99999999999994	14177	25475
point	29	13	0	17	11839.409701143904	22855.48147472603	672.0	11666	23276
point	19	15	5	17	10544.662113888038	17536.695104010738	31.53125	10611	17662
point	69	5	2	17	6019.9266614250655	24510.593747776496	132.0	5880	24126
point	4	18	1	17	19869.608459192754	16071.301510313038	504.5	19960	17156
point	64	6	3	17	8433.89344210946	21160.26782961845	126.125	8418	21043
point	2	18	2	17	14682.0	25068.7931876115	252.25	14682	25198
point	1	18	0	17	12739.006342252123	20056.125676098298	672.0	12517	19916
point	0	18	1	17	8750.269400058129	16419.05621949428	504.5	8652	17274
newpoint	85	1	0	17	16892.0	10441.0	132.0	16824	10476
newpoint	86	1	0	17	7678.0	21127.0	197.99999999999997	7609	21038
newpoint	87	1	2	17	13081.0	27061.0	198.0	13092	27093
newpoint	88	1	0	17	12705.0	7871.0	132.0	12696	7890
newpoint	89	1	0	17	8618.0	19155.0	298.0	8602	19208
point	89	2	0	18	8576.0	19447.919619598706	298.0	8576	19454
point	88	2	0	18	12714.587358883557	7999.400360966406	132.0	12715	8002
point	87	2	2	18	13186.130453578506	27212.315829291307	198.0	13211	27265
point	86	2	0	18	7709.737235171803	20958.208130556988	298.0	7710	20958
point	85	2	0	18	16917.459040741134	10639.331947640156	448.0	17147	10999
point	83	3	3	18	12926.351991589185	12272.269141227483	126.12499999999999	12915	12308
point	82	3	0	18	10371.04446899005	4474.891129187869	298.0	10378	4510
point	81	3	5	18	9625.913113440047	7573.682930296515	31.53125	9690	7634
point	80	3	0	18	14842.575534999887	9134.795927438983	198.0	14865	9143
point	75	4	0	18	9471.299881747978	11629.770258354602	672.0	9507	11689
point	70	5	1	18	19193.981610266943	24961.94610180792	504.5	18906	24628
point	68	6	1	18	12669.727490543906	14884.970564940628	298.0	12533	15101
disappearpoint	67	5	0	18	11029.0	26726.0	0.0	11029	26726
point	66	6	0	18	9495.225010784034	11669.464222437146	672.0	9507	11689
point	65	6	5	18	14339.23885462129	28816.67161432669	31.53125	14429	28766
point	63	7	1	18	9829.048382085812	17816.794313096707	504.5	10056	17840
point	62	7	4	18	12515.230354198548	14773.579941261372	63.0625	12490	14834
point	61	7	1	18	4916.65079075705	15207.026354614722	298.0	5418	14804
point	60	7	0	18	6587.314023898106	20588.595658761227	298.0	6607	20637
point	58	8	1	18	16352.398666994945	13695.679068296658	504.5	16376	13632
point	57	8	1	18	9301.463030037556	19713.09095900022	504.5	9456	19714
point	56	8	0	18	8720.342871600937	9041.95040258932	448.0	8486	9239
point	55	8	0	18	14628.490053388397	28270.777682835174	298.0	14501	28012
point	50	9	0	18	6272.850691185934	16961.324835846684	298.0	6272	16961
point	79	4	0	18	13545.275593559329	28263.87734677314	448.0	13544	28264
point	48	10	2	18	14681.814328143304	22629.82188821912	252.25000000000003	14657	22361
point	47	10	0	18	17138.045527507627	18648.87841456307	672.0	17033	18641
point	46	10	0	18	17050.3342338473	8543.869861254514	298.0	16461	8183
point	45	10	1	18	9399.904089648744	10234.037833811606	198.0	9480	10305
point	43	11	1	18	7777.023955136036	9288.023955136037	504.5	7669	9180
point	42	11	2	18	17180.498814660732	25803.072501250026	132.0	17269	25176
point	41	11	0	18	11143.703628696032	18323.939088729287	448.0	11253	18445
point	74	5	0	18	2282.7218153170693	22040.326850415364	132.0	2569	21983
point	39	12	0	18	9602.19839730975	14171.365796549553	1009.0	9160	14804
point	38	12	0	18	12100.34047769913	7546.6682439245	198.0	12086	7382
point	37	12	0	18	7505.729145883543	20102.206649474596	672.0	7465	20158
disappearpoint	36	11	1	18	13975.0	11717.0	0.0	13975	11717
point	35	12	1	18	11678.5653813918	16751.616932102963	448.0	11682	16742
point	73	5	1	18	12053.699029983767	25857.26464615982	298.0	11957	25858
point	32	13	0	18	13404.919551016563	13012.198005946524	672.0	14016	13264
point	31	13	0	18	14921.639831439978	29974.979499206103	672.0	15375	29785
point	30	13	0	18	10487.178834818591	13229.396149866501	672.0	10318	13043
point	28	14	0	18	12017.132180525747	22441.558540025595	672.0	12191	22043
point	27	14	1	18	11817.471662380767	22569.85868160032	504.5	11798	22558
disappearpoint	26	13	0	18	11377.0	23348.0	0.0	11377	23348
point	54	9	2	18	8412.102490212836	20777.61205957762	252.24999999999997	8412	20773
disappearpoint	53	8	0	18	17229.0	12092.0	0.0	17229	12092
point	72	5	0	18	10881.14244071628	6812.074505923858	298.0	10860	6834
point	22	15	0	18	12745.661590925589	20130.597578944293	672.0	12780	20082
point	21	15	0	18	18576.63846940295	8064.720743218475	132.0	18249	8155
point	20	15	1	18	12451.056493856764	12304.903326341013	504.5	12996	11264
point	78	4	0	18	15806.098753203292	18493.801702986137	672.0	15645	18513
point	59	8	0	18	12439.83855733341	19770.809571651465	672.0	12458	19813
point	16	16	4	18	13143.77919352269	18577.85075211151	63.0625	13143	18577
point	15	16	1	18	10250.366482550093	10392.290515629325	298.0	10303	10364
point	84	3	2	18	12660.386200530076	16596.87781493845	252.25	12608	16620
point	71	5	3	18	9661.53008378735	14477.040111716466	126.125	9786	14643
point	77	4	4	18	10155.088064748283	13912.90518515757	63.06249999999999	10177	14029
point	52	9	3	18	6004.592886498118	17841.560606490944	126.12500000000001	6024	17849
point	51	9	0	18	15374.520938587855	12225.38877937202	448.00000000000006	15205	12345
point	44	11	1	18	8710.54972749018	19686.39497201323	504.5	8843	19730
point	76	4	0	18	14123.0	25326.768885920035	298.0	14123	25187
point	29	14	0	18	11582.00325894473	23476.224789724776	672.0	11494	23686
point	19	16	5	18	10559.415198572502	17564.562041748057	31.53125	10611	17662
point	69	6	2	18	5974.795386650548	24386.54872354244	132.0	5880	24126
point	4	19	1	18	19911.504903778965	16574.05884534758	504.5	19960	17156
point	64	7	3	18	8417.827041739542	21035.216878279352	126.12499999999999	8412	20773
point	2	19	2	18	14682.0	25321.0431876115	252.25	14682	25668
point	1	19	0	18	12340.493416311849	19559.995022314164	672.0	12201	19289
point	0	19	1	18	8692.66020571907	16920.256210244086	504.5	8652	17274
newpoint	90	1	1	18	13513.0	13550.0	298.0	13486	13551
newpoint	91	1	0	18	5041.0	18619.0	298.0	5054	18643
newpoint	92	1	4	18	19624.0	20314.0	63.0625	19742	20623
newpoint	93	1	2	18	12371.0	21017.0	252.25	12368	20984
newpoint	94	1	1	18	6175.0	13875.0	132.0	6097	13777
point	94	2	1	19	6102.81355939267	13773.573419699143	132.0	6947	13276
point	93	2	2	19	12480.535246473548	20870.074252223916	252.25	12603	20869
point	92	2	4	19	19646.497517880372	20372.912991737583	63.0625	19742	20623
point	91	2	0	19	5184.955075092502	18879.634000125425	298.0	5287	19018
point	90	2	1	19	13268.872734637705	13587.58162485572	298.0	13199	13747
point	85	3	0	19	17163.93231660755	11011.966188393168	448.0	17258	11084
point	83	4	3	19	12827.654555941068	12292.940440679495	126.125	12799	12288
point	82	4	0	19	10522.364228427845	4707.137191599369	298.0	10658	4825
point	81	4	5	19	9648.874169459643	7595.2933359620165	31.53125	9690	7634
point	80	4	0	19	15029.659944776655	9174.820435430389	198.0	15099	9226
point	75	5	0	19	9816.866056059565	12206.11009343261	672.0	9935	12403
point	70	6	1	19	18894.195014771933	24639.702777563758	132.0	18213	25315
point	68	7	1	19	12508.757815325143	15135.710400784454	298.0	12489	15164
point	89	3	0	19	8392.771774195453	19605.511346423795	672.0	8175	19579
point	66	7	0	19	9840.711269696812	12245.852116161355	672.0	9935	12403
point	65	7	5	19	14366.697033617484	28801.171029409485	31.53125	14429	28766
point	63	8	1	19	10331.017712206914	17867.24304503513	504.5	10573	17890
point	62	8	4	19	12490.930147082681	14831.772542512528	63.0625	12490	14834
point	61	8	1	19	5148.909058779249	15020.317766340564	298.0	5418	14804
point	60	8	0	19	6718.442326025594	20856.0184821323	298.0	6725	20869
point	58	9	1	19	16555.36971543893	13233.964524722554	504.5	16565	13211
point	57	9	1	19	9794.823045050756	19626.516334986532	504.50000000000006	9842	19614
point	56	9	0	19	8408.085228944814	9356.417248045282	448.00000000000006	8305	9441
point	55	9	0	19	14488.11931203095	28018.2451820456	448.0	14171	28172
point	50	10	0	19	5995.853315724716	16851.43212204561	298.0	5962	16838
point	79	5	0	19	13099.27183367567	28306.105436105077	448.0	12865	28328
point	48	11	2	19	14658.628284009554	22378.639743436837	252.25000000000003	14657	22361
disappearpoint	47	10	0	19	16575.0	18505.0	0.0	16575	18505
point	46	11	0	19	16796.194720486557	8388.251392720844	298.0	16461	8183
disappearpoint	45	10	1	19	9448.0	10343.0	0.0	9448	10343
disappearpoint	43	11	1	19	7669.0	9180.0	0.0	7669	9180
point	42	12	2	19	17198.945675384613	25672.36782142014	132.0	17269	25176
point	41	12	0	19	11446.285530186266	18652.46417606682	448.0	11558	18719
point	74	6	0	19	2412.1522691463365	22014.408563019202	132.0	2569	21983
point	39	13	0	19	9066.797645958904	15022.058337756525	1008.9999999999999	8948	15300
point	38	13	0	19	12053.83272104061	7376.074448612744	198.0	12010	7368
point	37	13	0	19	7025.758721530919	20561.580857582878	672.0	6965	20623
point	88	3	0	19	12726.702778996756	8130.556991375112	132.0	12729	8219
point	35	13	1	19	11771.684798100358	16282.684798100358	504.5	11742	16253
point	73	6	1	19	11755.707419257307	25859.424057185195	298.0	11629	25860
point	32	14	0	19	14025.510992522883	13269.671692788876	672.0	14452	13524
point	31	14	0	19	15540.896118817845	29714.139371284255	672.0	15564	29703
point	30	14	0	19	10102.507439076408	12682.179065127346	672.0	9989	12493
point	28	15	0	19	12290.294552672862	21827.618433540483	672.0	12327	21748
point	27	15	1	19	11942.193140440597	22104.912895539554	504.5	12033	21855
point	87	3	2	19	13369.628281197123	27184.185859401437	252.25	13420	27159
point	54	10	2	19	8182.3659331627205	20774.253833323415	252.25	8178	20774
point	86	3	0	19	7700.3683479269885	20693.976994408644	298.0	7681	20575
point	72	6	0	19	10674.341714192526	7026.6379206122665	298.0	10594	7110
point	22	16	0	19	12389.91340674852	19656.00364956874	672.0	12201	19289
point	21	16	0	19	18449.381117033063	8099.785914939225	132.0	18249	8155
point	20	16	1	19	12685.04977520076	11857.949867594052	504.5	12996	11264
point	78	5	0	19	15140.290821444842	18584.58964357201	672.0	15052	18597
point	59	9	0	19	12673.408936940577	20232.853453651893	672.0	12662	20249
point	16	17	4	19	13092.622701309385	18541.01621522099	63.06250000000001	13080	18532
point	15	17	1	19	10294.694174223683	10125.899661078936	298.0	10291	10020
point	84	4	2	19	12421.9723948499	16662.856070745584	252.25	12299	16664
point	71	6	3	19	9737.20508378735	14577.940111716465	126.125	9786	14643
point	77	5	4	19	10166.784086331045	13974.873580210093	63.06249999999999	10177	14029
point	52	10	3	19	6122.70727511392	17885.79089345155	126.125	6134	17890
point	51	10	0	19	15016.110604890933	12493.912803551593	448.00000000000006	15016	12494
point	44	12	1	19	9036.276352992956	20039.694273216784	504.5	9356	20552
point	76	5	0	19	14360.831605471112	25191.680049481543	447.99999999999994	14682	25198
point	29	15	0	19	11317.945423791816	24094.159988298426	672.0	11279	24184
point	19	17	5	19	10574.168283256964	17592.428979485376	31.53125	10611	17662
point	69	7	2	19	5929.664111876031	24262.50369930839	132.0	5880	24126
point	4	20	1	19	19953.401348365176	17076.81618038212	504.5	19960	17156
point	64	8	3	19	8415.024955749452	20909.123008725343	126.12499999999999	8412	20773
point	2	20	2	19	14682.0	25573.2931876115	252.25	14682	25668
point	1	20	0	19	12029.820704494688	18975.828098957078	448.0	12027	18972
point	0	20	1	19	8633.369426430663	17421.25318724995	504.49999999999994	8548	18096
newpoint	95	1	1	19	15423.0	16613.0	298.0	15144	16659
newpoint	96	1	4	19	11773.0	18122.0	63.0625	11750	18115
newpoint	97	1	0	19	8362.0	13781.0	298.0	8398	13756
newpoint	98	1	5	19	12865.0	27354.0	31.53125	12849	27330
newpoint	99	1	1	19	14591.0	11488.0	298.0	14571	11479
point	99	2	1	20	14347.948965813104	11497.16423787548	298.0	14183	11366
point	98	2	5	20	12851.376936365075	27328.747290294083	31.53125	12923	27291
point	97	2	0	20	8285.381266981463	13529.04541034572	298.0	8248	13470
point	96	2	4	20	11711.113918076882	18118.240506826925	63.0625	11642	18124
point	95	2	1	20	15129.741454317895	16653.638315466647	298.0	14902	16568
point	91	3	0	20	5378.270081629462	19104.97456303342	298.0	5480	19201
point	90	3	1	20	13153.4459179148	13862.196744668445	298.0	13123	13949
point	85	4	0	20	17496.426254263362	11311.455721091736	448.0	17584	11395
point	83	5	3	20	12703.175763258287	12272.638862812397	126.12500000000001	12668	12267
point	82	5	0	20	10594.224869217298	4924.648641847973	298.0	10594	4925
point	81	5	5	20	9671.835225479237	7616.903741627518	31.53125	9690	7634
point	80	5	0	20	15215.132823645496	9001.226792944202	448.0	15223	8986
point	75	6	0	20	10162.607203706864	12782.34533951144	672.0	10277	12973
point	70	7	1	20	18800.451987886216	24732.634176511066	132.0	18213	25315
point	68	8	1	20	12285.949921640464	15285.74045118453	504.49999999999994	12242	15383
point	89	4	0	20	8167.546119330221	19779.5771525686	298.0	8164	19875
point	66	8	0	20	10186.452417344111	12822.087362240185	672.0	10277	12973
point	65	8	5	20	14394.155212613676	28785.67044449228	31.53125	14429	28766
point	63	9	1	20	10832.728140259313	17918.264076883093	504.5	10866	17920
point	62	9	4	20	12464.77679009351	14889.154752328857	63.06250000000001	12415	14998
point	61	9	1	20	5381.167326801448	14833.609178066408	298.0	5418	14804
point	60	9	0	20	7191.147924626889	20435.49671820894	672.0	7267	20379
point	58	10	1	20	16803.308218856306	12794.821981186204	504.50000000000006	16858	12703
point	57	10	1	20	10289.851481648268	19552.185148164826	504.5	10358	19559
point	56	10	0	20	8153.5329913706055	9664.532991370606	672.0	8192	9703
disappearpoint	55	9	0	20	14171.0	28172.0	0.0	14171	28172
point	50	11	0	20	5857.381541252381	17030.188736010467	298.0	5729	16999
point	79	6	0	20	12663.38895045927	28389.953441869144	448.0	12222	28565
point	48	12	2	20	14636.307220358609	22127.37942394469	252.25	14630	22058
point	94	3	1	20	6216.5303661549215	13706.547395948688	132.0	6947	13276
point	46	12	0	20	16542.055207125817	8232.632924187174	298.0	16461	8183
point	93	3	2	20	12603.0	20998.78053493162	252.25	12603	21020
point	92	3	4	20	19668.99503576074	20431.825983475163	63.0625	19742	20623
point	42	13	2	20	17217.392536108495	25541.66314159025	132.0	17269	25176
point	41	13	0	20	11832.756755723549	18872.329541889427	448.0	11974	18944
point	74	7	0	20	2541.5827229756037	21988.490275623044	132.0	2569	21983
point	39	14	0	20	8824.460842732644	15995.853212363072	1009.0	8752	16404
disappearpoint	38	13	0	20	12010.0	7368.0	0.0	12010	7368
point	37	14	0	20	6518.191862706516	20957.94694420056	298.0	6610	21129
point	88	4	0	20	12876.724989062719	8220.025867979602	448.0	13017	8221
point	35	14	1	20	11544.245147980304	15835.537474211838	504.5	11513	15775
point	73	7	1	20	11530.541841032498	25940.85004895406	298.0	11505	26185
point	32	15	0	20	14591.626011816248	13630.218561136286	672.0	15104	14020
point	31	15	0	20	15509.691920538	29424.926522132544	298.0	15497	29277
point	30	15	0	20	9756.766291429109	12105.943819048516	672.0	9659	11943
point	28	16	0	20	12556.232565010752	21210.546894109008	672.0	12578	21152
point	27	16	1	20	11999.929463681681	21622.049612732048	504.5	11989	21591
point	87	4	2	20	13595.176867464359	27071.23814725843	252.25	13642	27048
point	54	11	2	20	7951.785444930218	20769.10159102177	252.25	7846	20851
disappearpoint	86	3	0	20	7681.0	20575.0	0.0	7681	20575
point	72	7	0	20	10787.062885197449	7304.355717017968	448.0	11042	7561
point	22	17	0	20	12083.386035929912	19057.98799355483	672.0	12063	19018
point	21	17	0	20	18322.12376466317	8134.851086659975	132.0	18249	8155
point	20	17	1	20	12919.043056544757	11410.996408847095	504.5	12996	11264
point	78	6	0	20	14604.327941561389	18827.235144894632	298.0	14628	19006
point	59	10	0	20	12603.0	20891.579387215752	672.0	12603	21020
point	16	18	4	20	13034.777933642481	18517.302828433807	63.0625	13000	18506
disappearpoint	15	17	1	20	10172.0	10028.0	0.0	10172	10028
point	84	5	2	20	12187.43614784942	16729.30566955156	252.25	12094	16784
point	71	7	3	20	9795.323251533338	14686.819282206692	126.125	9796	14690
point	77	6	4	20	10175.248197846104	14036.785787350653	63.0625	10168	14069
point	52	11	3	20	6244.74362175147	17917.360188903305	126.125	6304	17932
point	51	11	0	20	14667.82382458257	12775.067987350641	448.0	14631	12806
point	44	13	1	20	9303.379949957061	20467.68483209494	504.5	9356	20552
point	76	6	0	20	14682.0	25071.230570492316	448.0	14682	24758
point	29	16	0	20	11052.884412191883	24711.65965827861	672.0	10893	25090
point	19	18	5	20	10588.921367941426	17620.295917222695	31.53125	10611	17662
point	69	8	2	20	5884.532837101513	24138.458675074333	132.0	5880	24126
point	4	21	1	20	19967.348325996518	17580.978186798708	504.5	19984	18544
point	64	9	3	20	8412.222869759364	20783.02913917133	126.12499999999999	8412	20773
point	2	21	2	20	14682.0	25825.5431876115	252.25000000000003	14682	26046
point	1	21	0	20	11632.19905783107	18770.56140310735	448.0	11570	18739
point	0	21	1	20	8570.04456631846	17921.763139290633	504.49999999999994	8548	18096
newpoint	100	1	0	20	18323.0	16315.0	132.0	18449	16412
newpoint	101	1	0	20	5108.0	14148.0	1009.0	5756	14288
newpoint	102	1	1	20	4219.0	19532.0	298.0	4290	19656
newpoint	103	1	1	20	9174.0	22323.0	197.99999999999997	9199	22280
newpoint	104	1	0	20	11377.0	23348.0	298.0	11398	23353
